10.148451064946812 0.1230089070861844
62.115529613361275 0.5980298497192358
102.69733226633576 1.732554239517686
131.51810102358883 2.685316769541984
152.9324029695964 3.2912236006100812
177.36288453812165 4.313671361070554
201.56597442158375 5.077498584270792
220.42047748196404 5.843133618500996
248.00391553296316 6.82103668266932
270.20763675528696 7.622009442418172
299.6618085163885 8.591978221678598
330.7378768767929 9.66085349586962
354.9370510362808 10.40219793725232
381.14736899828625 11.174005778837717
401.34422235477 11.969066141472506
437.59672550243187 12.815484261114156
465.81175429185436 13.580819504202012
499.58455891144814 14.585702657583097
481.92887416895036 13.985118004520318
540.3292051813337 15.311587855678159
568.510425889659 15.882808366466364
598.7636525745104 16.833942593223554
642.962310651005 17.237117865577233
677.1512086180501 17.751856839094057
743.5010155085006 18.654151626482662
779.687797212787 19.123219125410973
847.9947795672167 19.74610910256249
882.1501268993022 20.06821151368812
944.4198384025431 20.577666484683174
986.6008891892855 20.91326716762624
1040.8192670445849 21.26206384036178
1076.9533390358963 21.428489737291653
1141.1956473446114 21.747084100467394
1185.3612760351177 21.96061564826923
1241.570959719918 22.225972692804582
1285.7275110503024 22.387385064574854
1329.8840623806866 22.548797436345122
1374.0358080498304 22.6826173031575
1398.1143067159371 22.731083286708756
