10.00094714086583 1.138929628855934
19.965950018545993 3.9665568340288972
30.06631115944561 7.622627045492507
39.58967201538708 11.954118463329598
49.39929659347386 14.870061879748901
59.60409491057639 16.956640426174157
70.01058287002346 17.984418696521487
79.52009697892666 17.998807847727434
89.71691200331725 17.753882114300822
99.87117276271073 17.011688994556415
122.92818040835124 15.173243645559186
149.28544352839046 12.588545367966738
172.99087801302758 11.062736179779895
199.11291976094037 9.175155361098106
251.71283315248823 6.981414895392174
303.64081327349675 5.791916407647383
349.487634040132 4.7347133706958076
396.9166518643988 4.100590423190241
498.4340757537583 3.258340933539275
601.2539511458485 2.664378360676019
696.7140090634146 2.274699210614237
796.6038675538051 2.0279343195377466
898.6762511243313 1.7818361592419039
1007.0861154933621 1.6349397793210259
