0.00019999999999999998 0.00019999999999999998 0.00019999999999999998
10 10 10

2 4 5 5 5 5 5 5 5 5
1 4 1 1 1 1 5 5 4 5
1 4 1 1 1 1 5 4 5 5
1 4 1 1 1 1 4 5 5 5
1 4 1 1 1 4 1 5 5 5
1 4 1 1 4 1 1 1 5 5
1 4 1 4 1 1 1 1 5 5
1 4 4 1 1 1 1 1 1 5
1 4 1 1 1 1 1 1 1 5
4 4 5 5 5 5 5 5 5 5

1 4 1 1 1 5 5 5 5 5
5 4 3 5 5 5 5 4 5 5
1 4 3 3 1 1 4 5 5 5
1 4 3 1 1 4 1 5 5 5
1 4 1 1 4 1 1 5 5 5
1 4 1 4 1 1 1 1 5 5
1 4 4 1 1 1 1 1 5 5
1 4 1 1 1 1 1 1 1 5
4 4 5 5 5 5 5 5 5 1
1 4 1 1 1 1 1 1 1 1

1 4 1 1 1 5 5 4 5 5
1 4 3 3 1 1 4 5 5 5
5 4 3 3 5 5 5 5 5 5
1 4 3 3 4 1 1 5 5 5
1 4 1 1 1 1 1 5 5 5
1 4 1 1 1 1 1 1 5 5
1 4 1 1 1 1 1 1 5 5
5 4 5 5 5 5 5 5 5 1
1 4 1 1 1 1 1 1 1 5
1 4 1 1 1 1 1 1 1 1

1 4 1 1 1 5 5 5 5 5
1 4 3 1 1 4 5 5 5 5
1 4 3 3 4 1 5 5 5 5
5 4 3 4 5 5 5 5 5 5
1 4 4 1 1 1 1 5 5 5
1 4 1 1 1 1 1 1 5 5
4 4 5 5 5 5 5 5 1 1
1 4 1 1 1 1 1 1 1 5
1 4 1 1 1 1 1 1 1 5
1 4 1 1 1 1 1 1 1 1

1 4 1 1 1 5 5 5 5 5
1 4 1 1 4 1 5 5 5 5
1 4 1 4 1 1 5 5 5 5
1 4 4 1 1 1 1 5 5 5
5 4 5 5 5 5 5 5 5 5
4 4 5 5 5 5 5 5 1 1
1 4 1 1 1 1 1 1 5 5
1 4 1 1 1 1 1 1 1 5
1 4 1 1 1 1 1 1 1 5
1 4 1 1 1 1 1 1 1 1

1 4 1 1 4 5 5 5 5 5
1 4 1 4 1 1 5 5 5 5
1 4 4 1 1 1 5 5 5 5
1 4 1 1 1 1 1 5 5 5
4 4 5 5 5 5 5 1 1 1
5 4 5 5 5 5 5 5 5 5
1 4 1 1 1 1 1 1 5 5
1 4 1 1 1 1 1 1 1 5
1 4 1 1 1 1 1 1 1 5
1 4 1 1 1 1 1 1 1 1

1 4 1 1 1 5 5 5 5 5
1 4 4 1 1 1 5 5 5 5
1 4 1 1 1 1 5 5 5 5
4 4 5 5 5 5 5 1 1 1
1 4 1 1 1 1 1 5 5 5
1 4 1 1 1 1 1 1 5 5
5 4 5 5 5 5 5 5 5 5
1 4 1 1 1 1 1 1 1 5
1 4 1 1 1 1 1 1 1 5
1 4 1 1 1 1 1 1 1 1

1 4 1 1 1 5 5 5 5 5
1 4 1 1 1 1 5 5 5 5
4 4 5 5 5 5 1 1 1 1
1 4 1 1 1 1 1 5 5 5
1 4 1 1 1 1 1 5 5 5
1 4 1 1 1 1 1 1 5 5
1 4 1 1 1 1 1 1 5 5
5 4 5 5 5 5 5 5 5 5
1 4 1 1 1 1 1 1 1 5
1 4 1 1 1 1 1 1 1 1

1 4 1 1 1 5 5 5 5 5
4 4 5 5 5 5 1 1 1 1
1 4 1 1 1 1 5 5 5 5
1 4 1 1 1 1 1 5 5 5
1 4 1 1 1 1 1 5 5 5
1 4 1 1 1 1 1 1 5 5
1 4 1 1 1 1 1 1 5 5
1 4 1 1 1 1 1 1 1 5
5 4 5 5 5 5 5 5 5 5
1 4 1 1 1 1 1 1 1 1

5 4 5 5 5 1 1 1 1 1
1 4 1 1 1 1 5 5 5 5
1 4 1 1 1 1 5 5 5 5
1 4 1 1 1 1 1 5 5 5
1 4 1 1 1 1 1 5 5 5
1 4 1 1 1 1 1 1 5 5
1 4 1 1 1 1 1 1 5 5
1 4 1 1 1 1 1 1 1 5
1 4 1 1 1 1 1 1 1 5
5 4 5 5 5 5 5 5 5 5

