   1.0000000000000001E-005   0.0000000000000000        0.0000000000000000        0.0000000000000000        0.0000000000000000        0.0000000000000000        0.0000000000000000        0.0000000000000000        0.0000000000000000        0.0000000000000000        0.0000000000000000        0.0000000000000000     
   2.0000000000000002E-005  -5.6843418860808015E-014   0.0000000000000000        0.0000000000000000        5.6843418860808015E-014   5.6843418860808015E-014   1.1368683772161603E-013   5.6843418860808015E-014   5.6843418860808015E-014   0.0000000000000000        0.0000000000000000        0.0000000000000000     
   3.0000000000000004E-005  -5.6843418860808015E-014   0.0000000000000000        0.0000000000000000        0.0000000000000000        0.0000000000000000        0.0000000000000000        0.0000000000000000        0.0000000000000000        0.0000000000000000        0.0000000000000000        0.0000000000000000     
   4.0000000000000003E-005  -5.6843418860808015E-014   0.0000000000000000        0.0000000000000000        0.0000000000000000        0.0000000000000000        0.0000000000000000        0.0000000000000000        0.0000000000000000        0.0000000000000000        0.0000000000000000        0.0000000000000000     
   5.0000000000000002E-005  -5.6843418860808015E-014   0.0000000000000000        0.0000000000000000        0.0000000000000000        0.0000000000000000        0.0000000000000000        0.0000000000000000        0.0000000000000000        0.0000000000000000        0.0000000000000000        0.0000000000000000     
   6.0000000000000008E-005  -5.6843418860808015E-014   0.0000000000000000        0.0000000000000000        0.0000000000000000        0.0000000000000000        0.0000000000000000        0.0000000000000000        0.0000000000000000        0.0000000000000000        0.0000000000000000        0.0000000000000000     
   7.0000000000000007E-005   0.0000000000000000        0.0000000000000000        0.0000000000000000        0.0000000000000000        0.0000000000000000        0.0000000000000000        0.0000000000000000        0.0000000000000000        0.0000000000000000        0.0000000000000000        0.0000000000000000     
   8.0000000000000007E-005                       NaN                       NaN                       NaN                       NaN                       NaN                       NaN                       NaN                       NaN                       NaN                       NaN                       NaN
   9.0000000000000006E-005                       NaN                       NaN                       NaN                       NaN                       NaN                       NaN                       NaN                       NaN                       NaN                       NaN                       NaN
   1.0000000000000000E-004                       NaN                       NaN                       NaN                       NaN                       NaN                       NaN                       NaN                       NaN                       NaN                       NaN                       NaN
