   0.00000000       300.00000000000000        300.00000000000000        300.00000000000000        300.00000000000000        300.00000000000000        300.00000000000000        300.00000000000000        300.00000000000000        300.00000000000000        300.00000000000000        300.00000000000000     
   9.99999975E-06   300.00000000000000        300.00000000000000        300.00000000000000        300.00000000000000        300.00000000000000        300.00000000000000        300.00000000000000        300.00000000000000        300.00000000000000        300.00000000000000        300.00000000000000     
   1.99999995E-05   299.99999999999994        300.00000000000000        300.00000000000000        300.00000000000006        300.00000000000006        300.00000000000011        300.00000000000006        300.00000000000006        300.00000000000000        300.00000000000000        300.00000000000000     
   2.99999992E-05   299.99999999999989        300.00000000000000        300.00000000000000        300.00000000000006        300.00000000000006        300.00000000000011        300.00000000000006        300.00000000000006        300.00000000000000        300.00000000000000        300.00000000000000     
   3.99999990E-05   299.99999999999983        300.00000000000000        300.00000000000000        300.00000000000006        300.00000000000006        300.00000000000011        300.00000000000006        300.00000000000006        300.00000000000000        300.00000000000000        300.00000000000000     
   4.99999987E-05   299.99999999999977        300.00000000000000        300.00000000000000        300.00000000000006        300.00000000000006        300.00000000000011        300.00000000000006        300.00000000000006        300.00000000000000        300.00000000000000        300.00000000000000     
   5.99999985E-05   299.99999999999972        300.00000000000000        300.00000000000000        300.00000000000006        300.00000000000006        300.00000000000011        300.00000000000006        300.00000000000006        300.00000000000000        300.00000000000000        300.00000000000000     
   7.00000019E-05   299.99999999999972        300.00000000000000        300.00000000000000        300.00000000000006        300.00000000000006        300.00000000000011        300.00000000000006        300.00000000000006        300.00000000000000        300.00000000000000        300.00000000000000     
   7.99999980E-05                       NaN                       NaN                       NaN                       NaN                       NaN                       NaN                       NaN                       NaN                       NaN                       NaN                       NaN
   9.00000014E-05                       NaN                       NaN                       NaN                       NaN                       NaN                       NaN                       NaN                       NaN                       NaN                       NaN                       NaN
