   1.0000000000000000E-004  -4.8332833252402452E-003  -2.3360635168501176E-006  -1.1295924196019769E-009  -2.8990143619012088E-012  -2.8990143619012088E-012  -2.8990143619012088E-012  -2.8990143619012088E-012  -2.8990143619012088E-012  -1.1295924196019769E-009  -2.3360635168501176E-006  -4.8332833252402452E-003
   2.0000000000000001E-004  -1.8644641386345029E-011  -2.0747847884194925E-011  -1.4495071809506044E-011  -6.9690031523350626E-011  -8.6117779574124143E-011  -8.6060936155263335E-011  -8.6004092736402526E-011  -6.9746874942211434E-011  -1.4438228390645236E-011  -2.0804691303055733E-011  -1.8587797967484221E-011
   3.0000000000000003E-004  -4.8286134376098744E-003  -4.6675904172843730E-006  -3.3676883504085708E-009   6.8041572376387194E-011   8.6060936155263335E-011   8.6004092736402526E-011   8.5947249317541718E-011   6.8155259214108810E-011  -3.3676883504085708E-009  -4.6675903604409541E-006  -4.8286134377235612E-003
   4.0000000000000002E-004  -1.8587797967484221E-011  -2.0918378140777349E-011  -1.6257217794191092E-011  -7.0087935455376282E-011  -8.5947249317541718E-011  -8.5833562479820102E-011  -8.5833562479820102E-011  -7.0201622293097898E-011  -1.6257217794191092E-011  -2.0975221559638157E-011  -1.8417267710901797E-011
   5.0000000000000001E-004  -4.8239492080597302E-003  -6.9946324288139294E-006  -6.7433347794576548E-009   6.5199401433346793E-011   8.6004092736402526E-011   8.5833562479820102E-011   8.5890405898680910E-011   6.5313088271068409E-011  -6.7433347794576548E-009  -6.9946323151270917E-006  -4.8239492082302604E-003
   6.0000000000000006E-004  -1.8530954548623413E-011  -2.0975221559638157E-011  -1.8133050616597757E-011  -7.0542682806262746E-011  -8.5890405898680910E-011  -8.5719875642098486E-011  -8.5776719060959294E-011  -7.0599526225123554E-011  -1.8076207197736949E-011  -2.1032064978498966E-011  -1.8417267710901797E-011
   6.9999999999999999E-004  -4.8192906098734056E-003  -9.3171754542709095E-006  -1.1238228125876049E-008   6.0197180573595688E-011   8.5947249317541718E-011   8.5776719060959294E-011   8.5833562479820102E-011   6.0254023992456496E-011  -1.1238341812713770E-008  -9.3171754542709095E-006  -4.8192906099302490E-003
   8.0000000000000004E-004  -1.8474111129762605E-011  -2.1202595235081390E-011  -1.9952040020143613E-011  -7.0997430157149211E-011  -8.5833562479820102E-011  -8.5663032223237678E-011  -8.5663032223237678E-011  -7.1111116994870827E-011  -1.9838353182421997E-011  -2.1202595235081390E-011  -1.8417267710901797E-011
   9.0000000000000008E-004  -4.8146376352633524E-003  -1.1635227110673441E-005  -1.6849242001626408E-008   5.2466475608525798E-011   8.5833562479820102E-011   8.5663032223237678E-011   8.5663032223237678E-011   5.2523319027386606E-011  -1.6849355688464129E-008  -1.1635227110673441E-005  -4.8146376352633524E-003
   1.0000000000000000E-003  -1.8417267710901797E-011  -2.1373125491663814E-011  -2.1714186004828662E-011  -7.1395334089174867E-011  -8.5719875642098486E-011  -8.5606188804376870E-011  -8.5606188804376870E-011  -7.1395334089174867E-011  -2.1486812329385430E-011  -2.1373125491663814E-011  -1.8360424292040989E-011
   1.1000000000000001E-003  -4.8099902766693958E-003  -1.3948795185569907E-005  -2.3573022644995945E-008   4.1438852349529043E-011   8.5719875642098486E-011   8.5663032223237678E-011   8.5549345385516062E-011   4.1438852349529043E-011  -2.3573250018671388E-008  -1.3948795185569907E-005  -4.8099902767830827E-003
   1.2000000000000001E-003  -1.8474111129762605E-011  -2.1543655748246238E-011  -2.3476331989513710E-011  -7.1736394602339715E-011  -8.5719875642098486E-011  -8.5606188804376870E-011  -8.5435658547794446E-011  -7.1736394602339715E-011  -2.3305801732931286E-011  -2.1543655748246238E-011  -1.8303580873180181E-011
   1.3000000000000002E-003  -4.8053485265313611E-003  -1.6257887068604759E-005  -3.1406500511366175E-008   2.6716406864579767E-011   8.5663032223237678E-011   8.5549345385516062E-011   8.5378815128933638E-011   2.6659563445718959E-011  -3.1406671041622758E-008  -1.6257887068604759E-005  -4.8053485267587348E-003
   1.4000000000000000E-003  -1.8360424292040989E-011  -2.1657342585967854E-011  -2.5238477974198759E-011  -7.2304828790947795E-011  -8.5719875642098486E-011  -8.5492501966655254E-011  -8.5435658547794446E-011  -7.2247985372086987E-011  -2.5011104298755527E-011  -2.1657342585967854E-011  -1.8189894035458565E-011
   1.5000000000000000E-003  -4.8007123774027605E-003  -1.8562510604169802E-005  -4.0346208152186591E-008   7.6170181273482740E-012   8.5549345385516062E-011   8.5435658547794446E-011   8.5208284872351214E-011   7.5033312896266580E-012  -4.0346435525862034E-008  -1.8562510604169802E-005  -4.8007123775164473E-003
   1.6000000000000001E-003  -1.8246737454319373E-011  -2.1771029423689470E-011  -2.6886937121162191E-011  -7.2645889304112643E-011  -8.5663032223237678E-011  -8.5492501966655254E-011  -8.5265128291212022E-011  -7.2532202466391027E-011  -2.6716406864579767E-011  -2.1771029423689470E-011  -1.8133050616597757E-011
   1.7000000000000001E-003  -4.7960818214960454E-003  -2.0862673011379229E-005  -5.0389076022838708E-008  -1.6370904631912708E-011   8.5378815128933638E-011   8.5321971710072830E-011   8.4980911196907982E-011  -1.6484591469634324E-011  -5.0389246553095290E-008  -2.0862672954535810E-005  -4.7960818216097323E-003
   1.8000000000000002E-003  -1.8246737454319373E-011  -2.1827872842550278E-011  -2.8705926524708048E-011  -7.3043793236138299E-011  -8.5663032223237678E-011  -8.5435658547794446E-011  -8.5208284872351214E-011  -7.2986949817277491E-011  -2.8535396268125623E-011  -2.1884716261411086E-011  -1.8133050616597757E-011
   1.9000000000000000E-003  -4.7914568513078848E-003  -2.3158381907251169E-005  -6.1531920891866321E-008  -4.5815795601811260E-011   8.5208284872351214E-011   8.5151441453490406E-011   8.4696694102603942E-011  -4.5815795601811260E-011  -6.1532091422122903E-008  -2.3158381907251169E-005  -4.7914568514784150E-003
   2.0000000000000000E-003  -1.8246737454319373E-011  -2.2055246517993510E-011  -3.0411229090532288E-011  -7.3441697168163955E-011  -8.5663032223237678E-011  -8.5435658547794446E-011  -8.5151441453490406E-011  -7.3441697168163955E-011  -3.0240698833949864E-011  -2.1998403099132702E-011  -1.8076207197736949E-011
   2.1000000000000003E-003  -4.7868374593917906E-003  -2.5449645022490586E-005  -7.3771445840975503E-008  -8.1115558714373037E-011   8.4924067778047174E-011   8.4924067778047174E-011   8.4412477008299902E-011  -8.1058715295512229E-011  -7.3771616371232085E-008  -2.5449645136177423E-005  -4.7868374596191643E-003
   2.2000000000000001E-003  -1.8246737454319373E-011  -2.2225776774575934E-011  -3.2116531656356528E-011  -7.3896444519050419E-011  -8.5606188804376870E-011  -8.5378815128933638E-011  -8.5094598034629598E-011  -7.3896444519050419E-011  -3.2059688237495720E-011  -2.2112089936854318E-011  -1.8019363778876141E-011
   2.3000000000000000E-003  -4.7822236381307448E-003  -2.7736469689898513E-005  -8.7104467638710048E-008  -1.2278178473934531E-010   8.4412477008299902E-011   8.4753537521464750E-011   8.4014573076274246E-011  -1.2272494132048450E-010  -8.7104524482128909E-008  -2.7736469860428770E-005  -4.7822236384149619E-003
   2.4000000000000002E-003  -1.8246737454319373E-011  -2.2339463612297550E-011  -3.3821834222180769E-011  -7.4351191869936883E-011  -8.5435658547794446E-011  -8.5378815128933638E-011  -8.4980911196907982E-011  -7.4351191869936883E-011  -3.3821834222180769E-011  -2.2168933355715126E-011  -1.8019363778876141E-011
   2.5000000000000001E-003  -4.7776153800782595E-003  -3.0018863640179916E-005  -1.0152791674045147E-007  -1.7149659470305778E-010   8.3957729657413438E-011   8.4412477008299902E-011   8.3502982306526974E-011  -1.7155343812191859E-010  -1.0152797358387033E-007  -3.0018863867553591E-005  -4.7776153803056332E-003
   2.6000000000000003E-003  -1.8246737454319373E-011  -2.2509993868879974E-011  -3.5583980206865817E-011  -7.4805939220823348E-011  -8.5265128291212022E-011  -8.5265128291212022E-011  -8.4810380940325558E-011  -7.4749095801962540E-011  -3.5527136788005009E-011  -2.2282620193436742E-011  -1.8019363778876141E-011
   2.7000000000000001E-003  -4.7730126777310034E-003  -3.2296834149292408E-005  -1.1703849622790585E-007  -2.2765789253753610E-010   8.3332452049944550E-011   8.3957729657413438E-011   8.2934548117918894E-011  -2.2771473595639691E-010  -1.1703855307132471E-007  -3.2296834376666084E-005  -4.7730126779015336E-003
   2.8000000000000000E-003  -1.8246737454319373E-011  -2.2623680706601590E-011  -3.7232439353829250E-011  -7.5317529990570620E-011  -8.5094598034629598E-011  -8.5094598034629598E-011  -8.4753537521464750E-011  -7.5260686571709812E-011  -3.7175595934968442E-011  -2.2396307031158358E-011  -1.8076207197736949E-011
   2.9000000000000002E-003  -4.7684155234151149E-003  -3.4570388777410699E-005  -1.3363296602619812E-007  -2.9183411243138835E-010   8.2650331023614854E-011   8.3446138887666166E-011   8.2366113929310814E-011  -2.9189095585024916E-010  -1.3363302286961698E-007  -3.4570389004784374E-005  -4.7684155235288017E-003
   3.0000000000000001E-003  -1.8303580873180181E-011  -2.2794210963184014E-011  -3.9051428757375106E-011  -7.5772277341457084E-011  -8.4980911196907982E-011  -8.4980911196907982E-011  -8.4696694102603942E-011  -7.5715433922596276E-011  -3.8937741919653490E-011  -2.2566837287740782E-011  -1.8133050616597757E-011
   3.1000000000000003E-003  -4.7638239097409496E-003  -3.6839534971022658E-005  -1.5130814290387207E-007  -3.6459368857322261E-010   8.1911366578424349E-011   8.2877704699058086E-011   8.1570306065259501E-011  -3.6465053199208342E-010  -1.5130831343412865E-007  -3.6839535198396334E-005  -4.7638239099114799E-003
   3.2000000000000002E-003  -1.8303580873180181E-011  -2.2964741219766438E-011  -4.0870418160920963E-011  -7.6227024692343548E-011  -8.4924067778047174E-011  -8.4867224359186366E-011  -8.4526163846021518E-011  -7.6170181273482740E-011  -4.0643044485477731E-011  -2.2737367544323206E-011  -1.8189894035458565E-011
   3.3000000000000000E-003  -4.7592378293757065E-003  -3.9104280347146414E-005  -1.7006101415972807E-007  -4.4639136831392534E-010   8.1115558714373037E-011   8.2309270510450006E-011   8.0717654782347381E-011  -4.4644821173278615E-010  -1.7006118468998466E-007  -3.9104280517676671E-005  -4.7592378294893933E-003
   3.4000000000000002E-003  -1.8303580873180181E-011  -2.3078428057488054E-011  -4.2632564145606011E-011  -7.6795458880951628E-011  -8.4867224359186366E-011  -8.4810380940325558E-011  -8.4469320427160710E-011  -7.6681772043230012E-011  -4.2405190470162779E-011  -2.2964741219766438E-011  -1.8189894035458565E-011
   3.5000000000000001E-003  -4.7546572747592108E-003  -4.1364632238582999E-005  -1.8988851024914766E-007  -5.3768189900438301E-010   8.0149220593739301E-011   8.1683992902981117E-011   7.9751316661713645E-011  -5.3785242926096544E-010  -1.8988868077940424E-007  -4.1364632295426418E-005  -4.7546572748728977E-003
   3.6000000000000003E-003  -1.8360424292040989E-011  -2.3192114895209670E-011  -4.4281023292569444E-011  -7.7363893069559708E-011  -8.4753537521464750E-011  -8.4753537521464750E-011  -8.4355633589439094E-011  -7.7193362812977284E-011  -4.4110493035987020E-011  -2.3135271476348862E-011  -1.8246737454319373E-011
   3.7000000000000002E-003  -4.7500822384449748E-003  -4.3620598091820284E-005  -2.1078727741041803E-007  -6.3914740167092532E-010   7.9069195635383949E-011   8.0888185038929805E-011   7.8671291703358293E-011  -6.3926108850864694E-010  -2.1078750478409347E-007  -4.3620598148663703E-005  -4.7500822385586616E-003
   3.8000000000000000E-003  -1.8303580873180181E-011  -2.3305801732931286E-011  -4.6043169277254492E-011  -7.7818640420446172E-011  -8.4753537521464750E-011  -8.4639850683743134E-011  -8.4355633589439094E-011  -7.7648110163863748E-011  -4.5815795601811260E-011  -2.3248958314070478E-011  -1.8189894035458565E-011
   3.9000000000000003E-003  -4.7455127130433539E-003  -4.5872185353346140E-005  -2.3275424609892070E-007  -7.5135631050216034E-010   7.7818640420446172E-011   8.0035533756017685E-011   7.7477579907281324E-011  -7.5152684075874276E-010  -2.3275441662917729E-007  -4.5872185410189559E-005  -4.7455127131570407E-003
   4.0000000000000001E-003  -1.8189894035458565E-011  -2.3476331989513710E-011  -4.7862158680800349E-011  -7.8273387771332636E-011  -8.4639850683743134E-011  -8.4583007264882326E-011  -8.4298790170578286E-011  -7.8102857514750212E-011  -4.7634785005357116E-011  -2.3419488570652902E-011  -1.8076207197736949E-011
   4.1000000000000003E-003  -4.7409486910510168E-003  -4.8119401355961600E-005  -2.5578623308319948E-007  -8.7464968601125292E-010   7.6397554948925972E-011   7.9012352216523141E-011   7.5999651016900316E-011  -8.7470652943011373E-010  -2.5578651730029378E-007  -4.8119401412805018E-005  -4.7409486911647036E-003
   4.2000000000000006E-003  -1.8133050616597757E-011  -2.3646862246096134E-011  -4.9681148084346205E-011  -7.8728135122219101E-011  -8.4639850683743134E-011  -8.4469320427160710E-011  -8.4185103332856670E-011  -7.8728135122219101E-011  -4.9396930990042165E-011  -2.3533175408374518E-011  -1.8133050616597757E-011
   4.3000000000000000E-003  -4.7363901650214757E-003  -5.0362253546154534E-005  -2.7988028250547359E-007  -1.0096528058056720E-009   7.4805939220823348E-011   7.7875483839306980E-011   7.4351191869936883E-011  -1.0096528058056720E-009  -2.7988056672256789E-007  -5.0362253659841372E-005  -4.7363901650783191E-003
   4.4000000000000003E-003  -1.8076207197736949E-011  -2.3874235921539366E-011  -5.1329607231309637E-011  -7.9126039054244757E-011  -8.4583007264882326E-011  -8.4412477008299902E-011  -8.4128259913995862E-011  -7.9126039054244757E-011  -5.1102233555866405E-011  -2.3760549083817750E-011  -1.8019363778876141E-011
   4.5000000000000005E-003  -4.7318371275650861E-003  -5.2600749427256233E-005  -3.0503315429086797E-007  -1.1567067303985823E-009   7.3043793236138299E-011   7.6681772043230012E-011   7.2645889304112643E-011  -1.1568204172363039E-009  -3.0503338166454341E-007  -5.2600749597786489E-005  -4.7318371276787730E-003
   4.5999999999999999E-003  -1.8133050616597757E-011  -2.4044766178121790E-011  -5.3091753215994686E-011  -7.9694473242852837E-011  -8.4583007264882326E-011  -8.4355633589439094E-011  -8.4185103332856670E-011  -7.9637629823992029E-011  -5.2807536121690646E-011  -2.3817392502678558E-011  -1.8076207197736949E-011
   4.7000000000000002E-003  -4.7272895712922036E-003  -5.4834896332067729E-005  -3.3124177889476414E-007  -1.3164935808163136E-009   7.0997430157149211E-011   7.5260686571709812E-011   7.0656369643984362E-011  -1.3165504242351744E-009  -3.3124206311185844E-007  -5.4834896559441404E-005  -4.7272895712922036E-003
   4.8000000000000004E-003  -1.8133050616597757E-011  -2.4101609596982598E-011  -5.4853899200679734E-011  -8.0149220593739301E-011  -8.4469320427160710E-011  -8.4298790170578286E-011  -8.4185103332856670E-011  -8.0149220593739301E-011  -5.4512838687514886E-011  -2.3931079340400174E-011  -1.8133050616597757E-011
   4.8999999999999998E-003  -4.7227474887563403E-003  -5.7064701707076892E-005  -3.5850308677254361E-007  -1.4894112609908916E-009   6.8666849983856082E-011   7.3725914262467995E-011   6.8382632889552042E-011  -1.4894112609908916E-009  -3.5850342783305678E-007  -5.7064701877607149E-005  -4.7227474887563403E-003
   5.0000000000000001E-003  -1.8189894035458565E-011  -2.4215296434704214E-011  -5.6559201766503975E-011  -8.0774498201208189E-011  -8.4412477008299902E-011  -8.4298790170578286E-011  -8.4128259913995862E-011  -8.0774498201208189E-011  -5.6218141253339127E-011  -2.4101609596982598E-011  -1.8133050616597757E-011
   5.1000000000000004E-003  -4.7182108727383820E-003  -5.9290172714554501E-005  -3.8681389469275018E-007  -1.6760282051109243E-009   6.6165739553980529E-011   7.2020611696643755E-011   6.5824679040815681E-011  -1.6760282051109243E-009  -3.8681423575326335E-007  -5.9290172885084758E-005  -4.7182108727383820E-003
   5.2000000000000006E-003  -1.8189894035458565E-011  -2.4272139853565022E-011  -5.8207660913467407E-011  -8.1342932389816269E-011  -8.4412477008299902E-011  -8.4241946751717478E-011  -8.4071416495135054E-011  -8.1286088970955461E-011  -5.7980287238024175E-011  -2.4158453015843406E-011  -1.8133050616597757E-011
   5.3000000000000000E-003  -4.7136797158486843E-003  -6.1511316914675263E-005  -4.1617118995418423E-007  -1.8767991605272982E-009   6.3380412029800937E-011   7.0144778874237090E-011   6.2925664678914472E-011  -1.8768560039461590E-009  -4.1617141732785967E-007  -6.1511317028362100E-005  -4.7136797158486843E-003
   5.4000000000000003E-003  -1.8133050616597757E-011  -2.4442670110147446E-011  -6.0026650317013264E-011  -8.1854523159563541E-011  -8.4526163846021518E-011  -8.4185103332856670E-011  -8.4071416495135054E-011  -8.1854523159563541E-011  -5.9742433222709224E-011  -2.4272139853565022E-011  -1.8133050616597757E-011
   5.5000000000000005E-003  -4.7091540105270724E-003  -6.3728141356023116E-005  -4.4657184616880841E-007  -2.0924062482663430E-009   6.0367710830178112E-011   6.7984728957526386E-011   5.9856120060430840E-011  -2.0923494048474822E-009  -4.4657213038590271E-007  -6.3728141526553372E-005  -4.7091540105270724E-003
   5.5999999999999999E-003  -1.8303580873180181E-011  -2.4556356947869062E-011  -6.1731952882837504E-011  -8.2309270510450006E-011  -8.4639850683743134E-011  -8.4185103332856670E-011  -8.4071416495135054E-011  -8.2422957348171622E-011  -6.1447735788533464E-011  -2.4272139853565022E-011  -1.8303580873180181E-011
   5.7000000000000002E-003  -4.7046337496112756E-003  -6.5940653598772769E-005  -4.7801279379200423E-007  -2.3231905288412236E-009   5.6957105698529631E-011   6.5710992203094065E-011   5.6388671509921551E-011  -2.3230768420035020E-009  -4.7801307800909854E-007  -6.5940653939833282E-005  -4.7046337496112756E-003
   5.8000000000000005E-003  -1.8303580873180181E-011  -2.4726887204451486E-011  -6.3437255448661745E-011  -8.2877704699058086E-011  -8.4639850683743134E-011  -8.4185103332856670E-011  -8.3957729657413438E-011  -8.2934548117918894E-011  -6.3153038354357705E-011  -2.4385826691286638E-011  -1.8360424292040989E-011
   5.8999999999999999E-003  -4.7001189258821796E-003  -6.8148860805195000E-005  -5.1049107696599094E-007  -2.5694930627651047E-009   5.3205440053716302E-011   6.3209881773218513E-011   5.2523319027386606E-011  -2.5694930627651047E-009  -5.1049130433966639E-007  -6.8148861203098932E-005  -4.7001189257684928E-003
   6.0000000000000001E-003  -1.8303580873180181E-011  -2.4840574042173102E-011  -6.5142558014485985E-011  -8.3502982306526974E-011  -8.4639850683743134E-011  -8.4185103332856670E-011  -8.3900886238552630E-011  -8.3446138887666166E-011  -6.4858340920181945E-011  -2.4499513529008254E-011  -1.8417267710901797E-011
   6.1000000000000004E-003  -4.6956095317796098E-003  -7.0352770478621096E-005  -5.4400351245931233E-007  -2.8321665013208985E-009   4.8999027058016509E-011   6.0424554249038920E-011   4.8373749450547621E-011  -2.8322233447397593E-009  -5.4400379667640664E-007  -7.0352770876525028E-005  -4.6956095316659230E-003
   6.2000000000000006E-003  -1.8360424292040989E-011  -2.5011104298755527E-011  -6.6847860580310225E-011  -8.3957729657413438E-011  -8.4526163846021518E-011  -8.4128259913995862E-011  -8.3844042819691822E-011  -8.3900886238552630E-011  -6.6563643486006185E-011  -2.4613200366729870E-011  -1.8474111129762605E-011
   6.3000000000000000E-003  -4.6911055601981388E-003  -7.2552389667634998E-005  -5.7854708757076878E-007  -3.1115519050217699E-009   4.4394710130291060E-011   5.7298166211694479E-011   4.3712589103961363E-011  -3.1116087484406307E-009  -5.7854742863128195E-007  -7.2552390122382349E-005  -4.6911055600276086E-003
   6.4000000000000003E-003  -1.8417267710901797E-011  -2.5238477974198759E-011  -6.8496319727273658E-011  -8.4469320427160710E-011  -8.4583007264882326E-011  -8.4185103332856670E-011  -8.3844042819691822E-011  -8.4355633589439094E-011  -6.8155259214108810E-011  -2.4783730623312294E-011  -1.8587797967484221E-011
   6.5000000000000006E-003  -4.6866070036344354E-003  -7.4747725932411413E-005  -6.1411884644257952E-007  -3.4082177080563270E-009   3.9563019527122378E-011   5.3944404498906806E-011   3.8767211663071066E-011  -3.4082745514751878E-009  -6.1411918750309269E-007  -7.4747726387158764E-005  -4.6866070034639051E-003
   6.6000000000000000E-003  -1.8417267710901797E-011  -2.5352164811920375E-011  -7.0201622293097898E-011  -8.4867224359186366E-011  -8.4696694102603942E-011  -8.4071416495135054E-011  -8.3900886238552630E-011  -8.4810380940325558E-011  -6.9803718361072242E-011  -2.4840574042173102E-011  -1.8587797967484221E-011
   6.7000000000000002E-003  -4.6821138550967589E-003  -7.6938786321534280E-005  -6.5071554899986950E-007  -3.7225049709377345E-009   3.4106051316484809E-011   5.0192738854093477E-011   3.3310243452433497E-011  -3.7226186577754561E-009  -6.5071594690380152E-007  -7.6938786833125050E-005  -4.6821138549262287E-003
   6.8000000000000005E-003  -1.8360424292040989E-011  -2.5409008230781183E-011  -7.1850081440061331E-011  -8.5492501966655254E-011  -8.4583007264882326E-011  -8.4014573076274246E-011  -8.3844042819691822E-011  -8.5378815128933638E-011  -7.1452177508035675E-011  -2.4897417461033911E-011  -1.8587797967484221E-011
   6.9000000000000008E-003  -4.6776261070249348E-003  -7.9125578224648052E-005  -6.8833440991511452E-007  -4.0549252844357397E-009   2.8137492336099967E-011   4.6270542952697724E-011   2.7341684472048655E-011  -4.0550958146923222E-009  -6.8833486466246541E-007  -7.9125578736238822E-005  -4.6776261067975611E-003
   7.0000000000000001E-003  -1.8360424292040989E-011  -2.5522695068502799E-011  -7.3498540587024763E-011  -8.6060936155263335E-011  -8.4583007264882326E-011  -8.4014573076274246E-011  -8.3787199400831014E-011  -8.5890405898680910E-011  -7.2986949817277491E-011  -2.5011104298755527E-011  -1.8587797967484221E-011
   7.1000000000000004E-003  -4.6731437522566921E-003  -8.1308108690336667E-005  -7.2697218911343953E-007  -4.4061039261578117E-009   2.1657342585967854E-011   4.2007286538137123E-011   2.0861534721916541E-011  -4.4062176129955333E-009  -7.2697275754762813E-007  -8.1308109201927437E-005  -4.6731437520293184E-003
   7.2000000000000007E-003  -1.8474111129762605E-011  -2.5636381906224415E-011  -7.5317529990570620E-011  -8.6572526925010607E-011  -8.4469320427160710E-011  -8.4014573076274246E-011  -8.3673512563109398E-011  -8.6401996668428183E-011  -7.4692252383101732E-011  -2.5124791136477143E-011  -1.8644641386345029E-011
   7.3000000000000001E-003  -4.6686667835729168E-003  -8.3486385221931414E-005  -7.6662581705022603E-007  -4.7763819566171151E-009   1.4665602066088468E-011   3.7289282772690058E-011   1.3926637620897964E-011  -4.7765524868736975E-009  -7.6662649917125236E-007  -8.3486385790365603E-005  -4.6686667833455431E-003
   7.4000000000000003E-003  -1.8417267710901797E-011  -2.5750068743946031E-011  -7.7079675975255668E-011  -8.7084117694757879E-011  -8.4469320427160710E-011  -8.3957729657413438E-011  -8.3673512563109398E-011  -8.6913587438175455E-011  -7.6454398367786780E-011  -2.5124791136477143E-011  -1.8587797967484221E-011
   7.5000000000000006E-003  -4.6641951937544945E-003  -8.5660414811172814E-005  -8.0729267892820644E-007  -5.1664414968399797E-009   7.3328010330442339E-012   3.2173375075217336E-011   6.5369931689929217E-012  -5.1666120270965621E-009  -8.0729330420581391E-007  -8.5660415379607002E-005  -4.6641951935271209E-003
   7.6000000000000000E-003  -1.8417267710901797E-011  -2.5750068743946031E-011  -7.8728135122219101E-011  -8.7595708464505151E-011  -8.4526163846021518E-011  -8.3844042819691822E-011  -8.3730355981970206E-011  -8.7425178207922727E-011  -7.8102857514750212E-011  -2.5181634555337951E-011  -1.8587797967484221E-011
   7.7000000000000002E-003  -4.6597289754117810E-003  -8.7830204734018480E-005  -8.4896953467250569E-007  -5.5767372941772919E-009  -7.3896444519050419E-013   2.6716406864579767E-011  -1.6484591469634324E-012  -5.5768509810150135E-009  -8.4897015995011316E-007  -8.7830205359296087E-005  -4.6597289751844073E-003
   7.8000000000000005E-003  -1.8417267710901797E-011  -2.5863755581667647E-011  -8.0376594269182533E-011  -8.7936768977669999E-011  -8.4583007264882326E-011  -8.3730355981970206E-011  -8.3673512563109398E-011  -8.7879925558809191E-011  -7.9751316661713645E-011  -2.5295321393059567E-011  -1.8644641386345029E-011
   7.9000000000000008E-003  -4.6552681216098790E-003  -8.9995762209582608E-005  -8.9165337158192415E-007  -6.0076104091422167E-009  -9.4360075308941305E-012   2.0861534721916541E-011  -1.0345502232667059E-011  -6.0077240959799383E-009  -8.9165394001611276E-007  -8.9995762834860216E-005  -4.6552681213256619E-003
   8.0000000000000002E-003  -1.8303580873180181E-011  -2.6034285838250071E-011  -8.1968209997285157E-011  -8.8448359747417271E-011  -8.4412477008299902E-011  -8.3730355981970206E-011  -8.3559825725387782E-011  -8.8334672909695655E-011  -8.1399775808677077E-011  -2.5352164811920375E-011  -1.8644641386345029E-011
   8.0999999999999996E-003  -4.6508126249023007E-003  -9.2157094400135975E-005  -9.3534123379868106E-007  -6.4595724325045012E-009  -1.8815171642927453E-011   1.4722445484949276E-011  -1.9667822925839573E-011  -6.4596861193422228E-009  -9.3534185907628853E-007  -9.2157095082257001E-005  -4.6508126245612402E-003
   8.2000000000000007E-003  -1.8303580873180181E-011  -2.6034285838250071E-011  -8.3616669144248590E-011  -8.8959950517164543E-011  -8.4412477008299902E-011  -8.3844042819691822E-011  -8.3559825725387782E-011  -8.8846263679442927E-011  -8.2934548117918894E-011  -2.5409008230781183E-011  -1.8701484805205837E-011
   8.3000000000000001E-003  -4.6463624780699320E-003  -9.4314208581636194E-005  -9.8003016546499566E-007  -6.9331917984527536E-009  -2.8876456781290472E-011   8.0149220593739301E-012  -2.9729108064202592E-011  -6.9332486418716144E-009  -9.8003084758602199E-007  -9.4314209206913802E-005  -4.6463624777288715E-003
   8.4000000000000012E-003  -1.8303580873180181E-011  -2.6147972675971687E-011  -8.5208284872351214E-011  -8.9301011030329391E-011  -8.4355633589439094E-011  -8.3730355981970206E-011  -8.3446138887666166E-011  -8.9301011030329391E-011  -8.4526163846021518E-011  -2.5465851649641991E-011  -1.8644641386345029E-011
   8.5000000000000006E-003  -4.6419176740641888E-003  -9.6467111745823786E-005  -1.0257170970362495E-006  -7.4288664109189995E-009  -3.9563019527122378E-011   7.9580786405131221E-013  -4.0472514228895307E-011  -7.4289232543378603E-009  -1.0257177791572758E-006  -9.6467112371101393E-005  -4.6419176737231282E-003
   8.6000000000000000E-003  -1.8303580873180181E-011  -2.6261659513693303E-011  -8.6913587438175455E-011  -8.9926288637798280E-011  -8.4355633589439094E-011  -8.3787199400831014E-011  -8.3389295468805358E-011  -8.9812601800076663E-011  -8.6174622992984951E-011  -2.5636381906224415E-011  -1.8644641386345029E-011
   8.7000000000000011E-003  -4.6374782055522701E-003  -9.8615811111812945E-005  -1.0723991294980806E-006  -7.9471647040918469E-009  -5.0988546718144789E-011  -6.9348971010185778E-012  -5.2011728257639334E-011  -7.9472215475107078E-009  -1.0723999253059446E-006  -9.8615811680247134E-005  -4.6374782052112096E-003
   8.8000000000000005E-003  -1.8417267710901797E-011  -2.6261659513693303E-011  -8.8562046585138887E-011  -9.0381035988684744E-011  -8.4355633589439094E-011  -8.3616669144248590E-011  -8.3332452049944550E-011  -9.0267349150963128E-011  -8.7766238721087575E-011  -2.5693225325085223E-011  -1.8758328224066645E-011
   8.8999999999999999E-003  -4.6330440654855920E-003  -1.0076031395556129E-004  -1.1200733069927082E-006  -8.4884277384844609E-009  -6.3209881773218513E-011  -1.5177192835835740E-011  -6.4233063312713057E-011  -8.4884845819033217E-009  -1.1200741028005723E-006  -1.0076031458083889E-004  -4.6330440652013749E-003
   9.0000000000000011E-003  -1.8417267710901797E-011  -2.6261659513693303E-011  -9.0210505732102320E-011  -9.0949470177292824E-011  -8.4241946751717478E-011  -8.3559825725387782E-011  -8.3218765212222934E-011  -9.0892626758432016E-011  -8.9414697868051007E-011  -2.5636381906224415E-011  -1.8701484805205837E-011
   9.1000000000000004E-003  -4.6286152468724140E-003  -1.0290062721196591E-004  -1.1687367305057705E-006  -9.0532807917043101E-009  -7.6340711530065164E-011  -2.3931079340400174E-011  -7.7363893069559708E-011  -9.0532807917043101E-009  -1.1687374694702157E-006  -1.0290062772355668E-004  -4.6286152465881969E-003
   9.1999999999999998E-003  -1.8360424292040989E-011  -2.6261659513693303E-011  -9.1802121460204944E-011  -9.1347374109318480E-011  -8.4071416495135054E-011  -8.3446138887666166E-011  -8.3048234955640510E-011  -9.1404217528179288E-011  -9.1063157015014440E-011  -2.5806912162806839E-011  -1.8701484805205837E-011
   9.3000000000000010E-003  -4.6241917422662482E-003  -1.0503675815698443E-004  -1.2183863873360679E-006  -9.6422354545211419E-009  -9.0210505732102320E-011  -3.3310243452433497E-011  -9.1233687271596864E-011  -9.6421217676834203E-009  -1.2183871263005130E-006  -1.0503675861173178E-004  -4.6241917418683443E-003
   9.4000000000000004E-003  -1.8417267710901797E-011  -2.6318502932554111E-011  -9.3450580607168376E-011  -9.1802121460204944E-011  -8.4014573076274246E-011  -8.3332452049944550E-011  -8.2991391536779702E-011  -9.1972651716787368E-011  -9.2711616161977872E-011  -2.5920599000528455E-011  -1.8815171642927453E-011
   9.4999999999999998E-003  -4.6197735446185106E-003  -1.0716871361182712E-004  -1.2690193784692383E-006  -1.0255575944029260E-008  -1.0493295121705160E-010  -4.3257841753074899E-011  -1.0601297617540695E-010  -1.0255405413772678E-008  -1.2690200605902646E-006  -1.0716871412341789E-004  -4.6197735441637633E-003
   9.6000000000000009E-003  -1.8417267710901797E-011  -2.6489033189136535E-011  -9.4928509497549385E-011  -9.2313712229952216E-011  -8.3787199400831014E-011  -8.3275608631083742E-011  -8.2764017861336470E-011  -9.2484242486534640E-011  -9.4246388471219689E-011  -2.5920599000528455E-011  -1.8872015061788261E-011
   9.7000000000000003E-003  -4.6153606468806174E-003  -1.0929650085245157E-004  -1.3206328048909199E-006  -1.0893984381254995E-008  -1.2062173482263461E-010  -5.3660187404602766E-011  -1.2170175978098996E-010  -1.0893813850998413E-008  -1.3206334870119463E-006  -1.0929650159141602E-004  -4.6153606464258701E-003
   9.7999999999999997E-003  -1.8417267710901797E-011  -2.6659563445718959E-011  -9.6520125225652009E-011  -9.2711616161977872E-011  -8.3787199400831014E-011  -8.3218765212222934E-011  -8.2764017861336470E-011  -9.2825302999699488E-011  -9.5781160780461505E-011  -2.5863755581667647E-011  -1.8815171642927453E-011
   9.9000000000000008E-003  -4.6109530419471412E-003  -1.1142012704112858E-004  -1.3732236538999132E-006  -1.1557688139873790E-008  -1.3716316971112974E-010  -6.4801497501321137E-011  -1.3818635125062428E-010  -1.1557631296454929E-008  -1.3732244497077772E-006  -1.1142012778009303E-004  -4.6109530414355504E-003
   1.0000000000000000E-002  -1.8360424292040989E-011  -2.6716406864579767E-011  -9.8168584372615442E-011  -9.3166363512864336E-011  -8.3616669144248590E-011  -8.3218765212222934E-011  -8.2707174442475662E-011  -9.3223206931725144E-011  -9.7315933089703321E-011  -2.5977442419389263E-011  -1.8872015061788261E-011
   1.0100000000000001E-002  -4.6065507226558111E-003  -1.1353959916959866E-004  -1.4267890833252750E-006  -1.2247369340911973E-008  -1.5478462955798022E-010  -7.6454398367786780E-011  -1.5569412425975315E-010  -1.2247312497493112E-008  -1.4267899359765579E-006  -1.1353959985171969E-004  -4.6065507221442203E-003
   1.0200000000000001E-002  -1.8360424292040989E-011  -2.6773250283440575E-011  -9.9589669844135642E-011  -9.3677954282611609E-011  -8.3559825725387782E-011  -8.3218765212222934E-011  -8.2650331023614854E-011  -9.3734797701472417E-011  -9.8737018561223522E-011  -2.6147972675971687E-011  -1.8928858480649069E-011
   1.0300000000000000E-002  -4.6021536818443565E-003  -1.1565492440013259E-004  -1.4813261941526434E-006  -1.2963482731720433E-008  -1.7331558410660364E-010  -8.8903107098303735E-011  -1.7416823538951576E-010  -1.2963312201463850E-008  -1.4813269899605075E-006  -1.1565492502541019E-004  -4.6021536812759223E-003
   1.0400000000000001E-002  -1.8530954548623413E-011  -2.6830093702301383E-011  -1.0118128557223827E-010  -9.4075858214637265E-011  -8.3502982306526974E-011  -8.3218765212222934E-011  -8.2650331023614854E-011  -9.4246388471219689E-011  -1.0038547770818695E-010  -2.6204816094832495E-011  -1.9099388737231493E-011
   1.0500000000000001E-002  -4.5977619125210367E-003  -1.1776610955394062E-004  -1.5368319168374001E-006  -1.3706369372812333E-008  -1.9281287677586079E-010  -1.0203393685515039E-010  -1.9366552805877291E-010  -1.3706198842555750E-008  -1.5368327126452641E-006  -1.1776611017921823E-004  -4.5977619118957591E-003
   1.0600000000000000E-002  -1.8530954548623413E-011  -2.7000623958883807E-011  -1.0265921446261927E-010  -9.4473762146662921E-011  -8.3502982306526974E-011  -8.3218765212222934E-011  -8.2593487604754046E-011  -9.4644292403245345E-011  -1.0186340659856796E-010  -2.6318502932554111E-011  -1.9156232156092301E-011
   1.0700000000000001E-002  -4.5933754076372679E-003  -1.1987316179329355E-004  -1.5933036365822772E-006  -1.4476540854957420E-008  -2.1350388124119490E-010  -1.1584688763832673E-010  -2.1441337594296783E-010  -1.4476313481281977E-008  -1.5933044323901413E-006  -1.1987316253225799E-004  -4.5933754070688337E-003
   1.0800000000000001E-002  -1.8530954548623413E-011  -2.7171154215466231E-011  -1.0413714335300028E-010  -9.4985352916410193E-011  -8.3389295468805358E-011  -8.3161921793362126E-011  -8.2422957348171622E-011  -9.5155883172992617E-011  -1.0334133548894897E-010  -2.6375346351414919E-011  -1.9156232156092301E-011
   1.0900000000000000E-002  -4.5889941602013096E-003  -1.2197608822361872E-004  -1.6507382269992377E-006  -1.5274508768925443E-008  -2.3527491066488437E-010  -1.3045564628555439E-010  -2.3618440536665730E-010  -1.5274281395250000E-008  -1.6507390228071017E-006  -1.2197608901942658E-004  -4.5889941596328754E-003
   1.1000000000000001E-002  -1.8530954548623413E-011  -2.7227997634327039E-011  -1.0567191566224210E-010  -9.5383256848435849E-011  -8.3275608631083742E-011  -8.3105078374501318E-011  -8.2366113929310814E-011  -9.5667473942739889E-011  -1.0481926437932998E-010  -2.6432189770275727E-011  -1.9099388737231493E-011
   1.1100000000000000E-002  -4.5846181629940475E-003  -1.2407489583665665E-004  -1.7091327890739194E-006  -1.6100671018648427E-008  -2.5823965188465081E-010  -1.4591705621569417E-010  -2.5914914658642374E-010  -1.6100386801554123E-008  -1.7091336417252023E-006  -1.2407489668930793E-004  -4.5846181624256133E-003
   1.1200000000000000E-002  -1.8587797967484221E-011  -2.7284841053187847E-011  -1.0720668797148392E-010  -9.5894847618183121E-011  -8.3105078374501318E-011  -8.2934548117918894E-011  -8.2195583672728390E-011  -9.6179064712487161E-011  -1.0635403668857180E-010  -2.6489033189136535E-011  -1.9213075574953109E-011
   1.1300000000000001E-002  -4.5802474090805845E-003  -1.2616959162414787E-004  -1.7684846511656360E-006  -1.6955482351477258E-008  -2.8239810490049422E-010  -1.6206058717216365E-010  -2.8325075618340634E-010  -1.6955198134382954E-008  -1.7684855038169189E-006  -1.2616959241995573E-004  -4.5802474084553069E-003
   1.1400000000000000E-002  -1.8587797967484221E-011  -2.7341684472048655E-011  -1.0874146028072573E-010  -9.6463281806791201E-011  -8.2991391536779702E-011  -8.2877704699058086E-011  -8.2138740253867581E-011  -9.6690655482234433E-011  -1.0788880899781361E-010  -2.6602720026858151E-011  -1.9213075574953109E-011
   1.1500000000000000E-002  -4.5758818913554933E-003  -1.2826018252098947E-004  -1.8287908005731879E-006  -1.7839511201600544E-008  -3.0780711313127540E-010  -1.7917045624926686E-010  -3.0865976441418752E-010  -1.7839226984506240E-008  -1.8287917100678897E-006  -1.2826018331679734E-004  -4.5758818907302157E-003
   1.1600000000000001E-002  -1.8701484805205837E-011  -2.7398527890909463E-011  -1.1021938917110674E-010  -9.6861185738816857E-011  -8.2934548117918894E-011  -8.2764017861336470E-011  -8.2081896835006773E-011  -9.7145402833120897E-011  -1.0925305105047300E-010  -2.6602720026858151E-011  -1.9269918993813917E-011
   1.1700000000000000E-002  -4.5715216028838768E-003  -1.3034667551892198E-004  -1.8900485088124697E-006  -1.8753155472950311E-008  -3.3435298973927274E-010  -1.9713297660928220E-010  -3.3520564102218486E-010  -1.8752871255856007E-008  -1.8900494183071714E-006  -1.3034667631472985E-004  -4.5715216023154426E-003
   1.1800000000000000E-002  -1.8701484805205837E-011  -2.7455371309770271E-011  -1.1164047464262694E-010  -9.7315933089703321E-011  -8.2991391536779702E-011  -8.2650331023614854E-011  -8.2138740253867581E-011  -9.7600150184007362E-011  -1.1073097994085401E-010  -2.6716406864579767E-011  -1.9269918993813917E-011
   1.1900000000000001E-002  -4.5671665366739944E-003  -1.3242907772337276E-004  -1.9522547631822817E-006  -1.9696869912877446E-008  -3.6214942156220786E-010  -2.1594814825220965E-010  -3.6305891626398079E-010  -1.9696585695783142E-008  -1.9522557295204024E-006  -1.3242907840549378E-004  -4.5671665361055602E-003
   1.2000000000000000E-002  -1.8758328224066645E-011  -2.7455371309770271E-011  -1.1306156011414714E-010  -9.7770680440589786E-011  -8.3048234955640510E-011  -8.2593487604754046E-011  -8.2081896835006773E-011  -9.7998054116033018E-011  -1.1209522199351341E-010  -2.6830093702301383E-011  -1.9269918993813917E-011
   1.2100000000000001E-002  -4.5628166856772623E-003  -1.3450739595555206E-004  -2.0154067215116811E-006  -2.0671279798989417E-008  -3.9148062569438480E-010  -2.3561597117804922E-010  -3.9233327697729692E-010  -2.0671052425313974E-008  -2.0154076878498017E-006  -1.3450739652398624E-004  -4.5628166851088281E-003
   1.2200000000000001E-002  -1.8758328224066645E-011  -2.7455371309770271E-011  -1.1459633242338896E-010  -9.8168584372615442E-011  -8.2877704699058086E-011  -8.2650331023614854E-011  -8.2025053416145965E-011  -9.8452801466919482E-011  -1.1362999430275522E-010  -2.6943780540022999E-011  -1.9269918993813917E-011
   1.2300000000000000E-002  -4.5584720428450964E-003  -1.3658163726404382E-004  -2.0795015984731435E-006  -2.1676555661542807E-008  -4.2223291529808193E-010  -2.5619328880566172E-010  -4.2302872316213325E-010  -2.1676214601029642E-008  -2.0795026216546830E-006  -1.3658163777563459E-004  -4.5584720423335057E-003
   1.2400000000000001E-002  -1.8815171642927453E-011  -2.7341684472048655E-011  -1.1607426131376997E-010  -9.8566488304641098E-011  -8.2650331023614854E-011  -8.2536644185893238E-011  -8.1911366578424349E-011  -9.8907548817805946E-011  -1.1510792319313623E-010  -2.6886937121162191E-011  -1.9326762412674725E-011
   1.2500000000000001E-002  -4.5541326012425998E-003  -1.3865180847005831E-004  -2.1445366087391449E-006  -2.2713209091307363E-008  -4.5446313379216008E-010  -2.7779378797276877E-010  -4.5514525481848978E-010  -2.2712924874213059E-008  -2.1445375182338466E-006  -1.3865180892480566E-004  -4.5541326007310090E-003
   1.2600000000000000E-002  -1.8815171642927453E-011  -2.7398527890909463E-011  -1.1755219020415097E-010  -9.8964392236666754E-011  -8.2593487604754046E-011  -8.2479800767032430E-011  -8.1854523159563541E-011  -9.9362296168692410E-011  -1.1664269550237805E-010  -2.6886937121162191E-011  -1.9440449250396341E-011
   1.2700000000000001E-002  -4.5497983541622489E-003  -1.4071791645164922E-004  -2.2105089101387421E-006  -2.3781865365890553E-008  -4.8805759433889762E-010  -3.0047431209823117E-010  -4.8885340220294893E-010  -2.3781524305377388E-008  -2.2105097627900250E-006  -1.4071791690639657E-004  -4.5497983535369713E-003
   1.2800000000000001E-002  -1.8758328224066645E-011  -2.7455371309770271E-011  -1.1891643225681037E-010  -9.9362296168692410E-011  -8.2536644185893238E-011  -8.2366113929310814E-011  -8.1683992902981117E-011  -9.9760200100718066E-011  -1.1806378097389825E-010  -2.7000623958883807E-011  -1.9383605831535533E-011
   1.2900000000000000E-002  -4.5454692942712427E-003  -1.4277996820055705E-004  -2.2774156036575732E-006  -2.4882922389224404E-008  -5.2318682719487697E-010  -3.2417801776318811E-010  -5.2403947847778909E-010  -2.4882467641873518E-008  -2.2774164563088561E-006  -1.4277996859846098E-004  -4.5454692937028085E-003
   1.3000000000000001E-002  -1.8872015061788261E-011  -2.7455371309770271E-011  -1.2033751772833057E-010  -9.9703356681857258E-011  -8.2422957348171622E-011  -8.2309270510450006E-011  -8.1570306065259501E-011  -1.0021494745160453E-010  -1.1942802302655764E-010  -2.7114310796605423E-011  -1.9440449250396341E-011
   1.3100000000000001E-002  -4.5411454147483710E-003  -1.4483797082220917E-004  -2.3452539608115330E-006  -2.6016721221822081E-008  -5.5996451919781975E-010  -3.4884806154877879E-010  -5.6081717048073187E-010  -2.6016209631052334E-008  -2.3452548134628159E-006  -1.4483797116326969E-004  -4.5411454142367802E-003
   1.3200000000000000E-002  -1.8872015061788261E-011  -2.7398527890909463E-011  -1.2170175978098996E-010  -1.0004441719502211E-010  -8.2422957348171622E-011  -8.2252427091589198E-011  -8.1570306065259501E-011  -1.0061285138363019E-010  -1.2090595191693865E-010  -2.7057467377744615E-011  -1.9440449250396341E-011
   1.3300000000000001E-002  -4.5368267087724234E-003  -1.4689193096728559E-004  -2.4140211962730973E-006  -2.7183716611034470E-008  -5.9839067034772597E-010  -3.7471181713044643E-010  -5.9912963479291648E-010  -2.7183148176845862E-008  -2.4140219920809614E-006  -1.4689193125150268E-004  -4.5368267082039893E-003
   1.3400000000000000E-002  -1.8928858480649069E-011  -2.7341684472048655E-011  -1.2312284525251016E-010  -1.0049916454590857E-010  -8.2309270510450006E-011  -8.2081896835006773E-011  -8.1570306065259501E-011  -1.0106759873451665E-010  -1.2227019396959804E-010  -2.7114310796605423E-011  -1.9554136088117957E-011
   1.3500000000000000E-002  -4.5325131692948162E-003  -1.4894185551383998E-004  -2.4837142973410664E-006  -2.8384363304212457E-008  -6.3823790696915239E-010  -4.0165559767046943E-010  -6.3909055825206451E-010  -2.8383794870023848E-008  -2.4837152068357682E-006  -1.4894185579805708E-004  -4.5325131686695386E-003
   1.3600000000000001E-002  -1.9042545318370685E-011  -2.7455371309770271E-011  -1.2448708730516955E-010  -1.0101075531565584E-010  -8.2422957348171622E-011  -8.2081896835006773E-011  -8.1570306065259501E-011  -1.0157918950426392E-010  -1.2363443602225743E-010  -2.7114310796605423E-011  -1.9610979506978765E-011
   1.3700000000000000E-002  -4.5282047894374955E-003  -1.5098775128308262E-004  -2.5543305923747539E-006  -2.9619116048706928E-008  -6.7996097641298547E-010  -4.2973624658770859E-010  -6.8087047111475840E-010  -2.9618547614518320E-008  -2.5543314450260368E-006  -1.5098775162414313E-004  -4.5282047888122179E-003
   1.3800000000000002E-002  -1.9042545318370685E-011  -2.7455371309770271E-011  -1.2602185961441137E-010  -1.0140865924768150E-010  -8.2309270510450006E-011  -8.1911366578424349E-011  -8.1399775808677077E-011  -1.0197709343628958E-010  -1.2511236491263844E-010  -2.7114310796605423E-011  -1.9610979506978765E-011
   1.3900000000000001E-002  -4.5239015622655643E-003  -1.5302962543728427E-004  -2.6258672960466356E-006  -3.0888429591868771E-008  -7.2350303526036441E-010  -4.5901060730102472E-010  -7.2429884312441573E-010  -3.0887861157680163E-008  -2.6258682055413374E-006  -1.5302962583518820E-004  -4.5239015616971301E-003
   1.4000000000000000E-002  -1.9042545318370685E-011  -2.7512214728631079E-011  -1.2732925824820995E-010  -1.0192025001742877E-010  -8.2252427091589198E-011  -8.1854523159563541E-011  -8.1342932389816269E-011  -1.0248868420603685E-010  -1.2647660696529783E-010  -2.7114310796605423E-011  -1.9554136088117957E-011
   1.4100000000000001E-002  -4.5196034809578123E-003  -1.5506748451343810E-004  -2.6983218504028628E-006  -3.2192815524467733E-008  -7.6869355325470679E-010  -4.8953552322927862E-010  -7.6960304795647971E-010  -3.2192190246860264E-008  -2.6983227598975645E-006  -1.5506748491134204E-004  -4.5196034804462215E-003
   1.4200000000000001E-002  -1.9042545318370685E-011  -2.7569058147491887E-011  -1.2863665688200854E-010  -1.0243184078717604E-010  -8.2309270510450006E-011  -8.1797679740702733E-011  -8.1286088970955461E-011  -1.0300027497578412E-010  -1.2778400559909642E-010  -2.7171154215466231E-011  -1.9554136088117957E-011
   1.4300000000000000E-002  -4.5153105386930292E-003  -1.5710133544644123E-004  -2.7716911290553981E-006  -3.3532614907016978E-008  -8.1575990407145582E-010  -5.2131099437247030E-010  -8.1678308561095037E-010  -3.3531989629409509E-008  -2.7716919248632621E-006  -1.5710133584434516E-004  -4.5153105381814385E-003
   1.4400000000000001E-002  -1.9042545318370685E-011  -2.7682744985213503E-011  -1.3000089893466793E-010  -1.0282974471920170E-010  -8.2252427091589198E-011  -8.1740836321841925E-011  -8.1172402133233845E-011  -1.0345502232667059E-010  -1.2920509107061662E-010  -2.7284841053187847E-011  -1.9554136088117957E-011
   1.4500000000000001E-002  -4.5110227285363180E-003  -1.5913118511434732E-004  -2.8459725172069739E-006  -3.4908339330286253E-008  -8.6487261796719395E-010  -5.5428017731173895E-010  -8.6589579950668849E-010  -3.4907770896097645E-008  -2.8459733698582568E-006  -1.5913118545540783E-004  -4.5110227280247273E-003
   1.4600000000000000E-002  -1.9042545318370685E-011  -2.7682744985213503E-011  -1.3142198440618813E-010  -1.0328449207008816E-010  -8.2081896835006773E-011  -8.1683992902981117E-011  -8.1058715295512229E-011  -1.0385292625869624E-010  -1.3056933312327601E-010  -2.7398527890909463E-011  -1.9554136088117957E-011
   1.4700000000000001E-002  -4.5067400434390947E-003  -1.6115704045205348E-004  -2.9211631158432283E-006  -3.6320443541626446E-008  -9.1580432126647793E-010  -5.8867044572252780E-010  -9.1688434622483328E-010  -3.6319875107437838E-008  -2.9211640253379301E-006  -1.6115704079311399E-004  -4.5067400428706605E-003
   1.4800000000000001E-002  -1.9099388737231493E-011  -2.7739588404074311E-011  -1.3284306987770833E-010  -1.0368239600211382E-010  -8.2025053416145965E-011  -8.1627149484120309E-011  -8.0945028457790613E-011  -1.0425083019072190E-010  -1.3199041859479621E-010  -2.7341684472048655E-011  -1.9667822925839573E-011
   1.4900000000000000E-002  -4.5024624767506793E-003  -1.6317890788286604E-004  -2.9972604806971503E-006  -3.7769325444969581E-008  -9.6889607448247261E-010  -6.2436811276711524E-010  -9.6997609944082797E-010  -3.7768757010780973E-008  -2.9972612765050144E-006  -1.6317890833761339E-004  -4.5024624761822452E-003
   1.5000000000000001E-002  -1.9042545318370685E-011  -2.7910118660656735E-011  -1.3415046851150692E-010  -1.0408029993413948E-010  -8.2025053416145965E-011  -8.1513462646398693E-011  -8.0945028457790613E-011  -1.0476242096046917E-010  -1.3335466064745560E-010  -2.7455371309770271E-011  -1.9667822925839573E-011
   1.5100000000000001E-002  -4.4981900217635484E-003  -1.6519679456905578E-004  -3.0742615990675404E-006  -3.9255382944247685E-008  -1.0239773473585956E-009  -6.6148686528322287E-010  -1.0250573723169509E-009  -3.9254757666640216E-008  -3.0742624517188233E-006  -1.6519679508064655E-004  -4.4981900210814274E-003
   1.5200000000000000E-002  -1.8985701899509877E-011  -2.7966962079517543E-011  -1.3557155398302712E-010  -1.0453504728502594E-010  -8.1797679740702733E-011  -8.1399775808677077E-011  -8.0774498201208189E-011  -1.0516032489249483E-010  -1.3466205928125419E-010  -2.7455371309770271E-011  -1.9667822925839573E-011
   1.5300000000000001E-002  -4.4939226712585878E-003  -1.6721070716130271E-004  -3.1521637424702931E-006  -4.0779127630230505E-008  -1.0811618267325684E-009  -7.0002670327085070E-010  -1.0821850082720630E-009  -4.0778445509204175E-008  -3.1521646519649948E-006  -1.6721070761605006E-004  -4.4939226705196234E-003
   1.5400000000000000E-002  -1.8985701899509877E-011  -2.8080648917239159E-011  -1.3704948287340812E-010  -1.0481926437932998E-010  -8.1797679740702733E-011  -8.1286088970955461E-011  -8.0774498201208189E-011  -1.0555822882452048E-010  -1.3613998817163520E-010  -2.7569058147491887E-011  -1.9781509763561189E-011
   1.5500000000000000E-002  -4.4896604186988043E-003  -1.6922065242397366E-004  -3.2309642392647220E-006  -4.2341071093687788E-008  -1.1404495126043912E-009  -7.4004447014885955E-010  -1.1414726941438857E-009  -4.2340275285823736E-008  -3.2309651487594238E-006  -1.6922065293556443E-004  -4.4896604179029964E-003
   1.5600000000000001E-002  -1.9042545318370685E-011  -2.8137492336099967E-011  -1.3847056834492832E-010  -1.0510348147363402E-010  -8.1797679740702733E-011  -8.1172402133233845E-011  -8.0774498201208189E-011  -1.0589928933768533E-010  -1.3750423022429459E-010  -2.7512214728631079E-011  -1.9895196601282805E-011
   1.5700000000000002E-002  -4.4854032571493008E-003  -1.7122663723512233E-004  -3.3106603041233029E-006  -4.3941383864876116E-008  -1.2019540918117855E-009  -7.8148332249838859E-010  -1.2029772733512800E-009  -4.3940588057012064E-008  -3.3106612704614236E-006  -1.7122663786039993E-004  -4.4854032562966495E-003
   1.5800000000000002E-002  -1.9156232156092301E-011  -2.8137492336099967E-011  -1.3989165381644852E-010  -1.0561507224338129E-010  -8.1683992902981117E-011  -8.1115558714373037E-011  -8.0660811363486573E-011  -1.0635403668857180E-010  -1.3892531569581479E-010  -2.7512214728631079E-011  -2.0008883439004421E-011
   1.5900000000000001E-002  -4.4811511799025538E-003  -1.7322866818858529E-004  -3.3912493222487683E-006  -4.5580577534565236E-008  -1.2657324077736121E-009  -8.2445694715715945E-010  -1.2667555893131066E-009  -4.5579838570120046E-008  -3.3912503454303078E-006  -1.7322866887070631E-004  -4.4811511789362157E-003
   1.6000000000000000E-002  -1.8985701899509877E-011  -2.8194335754960775E-011  -1.4125589586910792E-010  -1.0606981959426776E-010  -8.1570306065259501E-011  -8.1001871876651421E-011  -8.0547124525764957E-011  -1.0680878403945826E-010  -1.4023271432961337E-010  -2.7455371309770271E-011  -2.0008883439004421E-011
   1.6100000000000000E-002  -4.4769041801941967E-003  -1.7522675204872940E-004  -3.4727285651570128E-006  -4.7259220536943758E-008  -1.3318413039087318E-009  -8.6913587438175455E-010  -1.3328644854482263E-009  -4.7258424729079707E-008  -3.4727295883385523E-006  -1.7522675278769384E-004  -4.4769041792278585E-003
   1.6199999999999999E-002  -1.9042545318370685E-011  -2.8251179173821583E-011  -1.4262013792176731E-010  -1.0641088010743260E-010  -8.1513462646398693E-011  -8.0774498201208189E-011  -8.0490281106904149E-011  -1.0726353139034472E-010  -1.4154011296341196E-010  -2.7512214728631079E-011  -1.9952040020143613E-011
   1.6300000000000002E-002  -4.4726622510324887E-003  -1.7722089563676491E-004  -3.5550953043639311E-006  -4.8977653932524845E-008  -1.4002239367982838E-009  -9.1529273049673066E-010  -1.4012471183377784E-009  -4.8976801281241933E-008  -3.5550963843888894E-006  -1.7722089643257277E-004  -4.4726622501229940E-003
   1.6400000000000001E-002  -1.9099388737231493E-011  -2.8194335754960775E-011  -1.4398437997442670E-010  -1.0680878403945826E-010  -8.1570306065259501E-011  -8.0774498201208189E-011  -8.0547124525764957E-011  -1.0771827874123119E-010  -1.4284751159721054E-010  -2.7455371309770271E-011  -2.0008883439004421E-011
   1.6500000000000001E-002  -4.4684253858804368E-003  -1.7921110577390209E-004  -3.6383467545419990E-006  -5.0736332468659384E-008  -1.4711076801177114E-009  -9.6309804575867020E-010  -1.4721308616572060E-009  -5.0735366130538750E-008  -3.6383478914103762E-006  -1.7921110645602312E-004  -4.4684253849709421E-003
   1.6600000000000000E-002  -1.9042545318370685E-011  -2.8194335754960775E-011  -1.4529177860822529E-010  -1.0726353139034472E-010  -8.1513462646398693E-011  -8.0547124525764957E-011  -8.0490281106904149E-011  -1.0817302609211765E-010  -1.4421175364986993E-010  -2.7512214728631079E-011  -1.9952040020143613E-011
   1.6700000000000000E-002  -4.4641935778599873E-003  -1.8119738882660386E-004  -3.7224803577373677E-006  -5.2535540362441679E-008  -1.5443220036104321E-009  -1.0127223504241556E-009  -1.5453451851499267E-009  -5.2534517180902185E-008  -3.7224814946057450E-006  -1.8119738945188146E-004  -4.4641935768936492E-003
   1.6800000000000002E-002  -1.8985701899509877E-011  -2.8251179173821583E-011  -1.4659917724202387E-010  -1.0766143532237038E-010  -8.1513462646398693E-011  -8.0319750850321725E-011  -8.0490281106904149E-011  -1.0868461686186492E-010  -1.4546230886480771E-010  -2.7682744985213503E-011  -2.0008883439004421E-011
   1.6900000000000002E-002  -4.4599668203204601E-003  -1.8317975167292389E-004  -3.8074933286225132E-006  -5.4375902891479200E-008  -1.6202648112084717E-009  -1.0638814273988828E-009  -1.6212311493291054E-009  -5.4374766023101984E-008  -3.8074944086474716E-006  -1.8317975229820149E-004  -4.4599668192972786E-003
   1.7000000000000001E-002  -1.8985701899509877E-011  -2.8364866011543199E-011  -1.4784973245696165E-010  -1.0805933925439604E-010  -8.1456619227537885E-011  -8.0262907431460917E-011  -8.0433437688043341E-011  -1.0908252079389058E-010  -1.4682655091746710E-010  -2.7739588404074311E-011  -2.0008883439004421E-011
   1.7100000000000001E-002  -4.4557451063838016E-003  -1.8515820107722902E-004  -3.8933830524001678E-006  -5.6257704272866249E-008  -1.6986518858175259E-009  -1.1168026503582951E-009  -1.6996750673570205E-009  -5.6256737934745615E-008  -3.8933840187382884E-006  -1.8515820170250663E-004  -4.4557451052469332E-003
   1.7200000000000000E-002  -1.8985701899509877E-011  -2.8364866011543199E-011  -1.4915713109076023E-010  -1.0851408660528250E-010  -8.1286088970955461E-011  -8.0092377174878493E-011  -8.0319750850321725E-011  -1.0948042472591624E-010  -1.4819079297012649E-010  -2.7682744985213503E-011  -2.0179413695586845E-011
   1.7299999999999999E-002  -4.4515284293993318E-003  -1.8713274369019928E-004  -3.9801466868993884E-006  -5.8181456097372575E-008  -1.7798242879507598E-009  -1.1715428627212532E-009  -1.7807337826525327E-009  -5.8180489759251941E-008  -3.9801475395506714E-006  -1.8713274431547688E-004  -4.4515284281487766E-003
   1.7400000000000002E-002  -1.9042545318370685E-011  -2.8364866011543199E-011  -1.5046452972455882E-010  -1.0885514711844735E-010  -8.1172402133233845E-011  -7.9978690337156877E-011  -8.0262907431460917E-011  -1.0987832865794189E-010  -1.4966872186050750E-010  -2.7682744985213503E-011  -2.0293100533308461E-011
   1.7500000000000002E-002  -4.4473167826026838E-003  -1.8910338610567123E-004  -4.0677817310097453E-006  -6.0147499425511342E-008  -1.8636683307704516E-009  -1.2281589079066180E-009  -1.8645778254722245E-009  -6.0146476243971847E-008  -4.0677825268176093E-006  -1.8910338678779226E-004  -4.4473167813521286E-003
   1.7600000000000001E-002  -1.8985701899509877E-011  -2.8364866011543199E-011  -1.5182877177721821E-010  -1.0942358130705543E-010  -8.1115558714373037E-011  -7.9865003499435261E-011  -8.0206064012600109E-011  -1.1038991942768916E-010  -1.5097612049430609E-010  -2.7682744985213503E-011  -2.0293100533308461E-011
   1.7700000000000000E-002  -4.4431101592863342E-003  -1.9107013491748148E-004  -4.1562853425602952E-006  -6.2156232161214575E-008  -1.9502408576954622E-009  -1.2864802556578070E-009  -1.9511503523972351E-009  -6.2155322666512802E-008  -4.1562861383681593E-006  -1.9107013565644593E-004  -4.4431101580357790E-003
   1.7800000000000000E-002  -1.8985701899509877E-011  -2.8364866011543199E-011  -1.5319301382987760E-010  -1.0987832865794189E-010  -8.1001871876651421E-011  -7.9751316661713645E-011  -8.0035533756017685E-011  -1.1084466677857563E-010  -1.5234036254696548E-010  -2.7682744985213503E-011  -2.0293100533308461E-011
   1.7899999999999999E-002  -4.4389085526859162E-003  -1.9303299711737054E-004  -4.2456549067537708E-006  -6.4208222738670884E-008  -2.0395418687257916E-009  -1.3467342796502635E-009  -2.0405082068464253E-009  -6.4207199557131389E-008  -4.2456557594050537E-006  -1.9303299774264815E-004  -4.4389085514353610E-003
   1.8000000000000002E-002  -1.9099388737231493E-011  -2.8364866011543199E-011  -1.5461409930139780E-010  -1.1033307600882836E-010  -8.0945028457790613E-011  -7.9694473242852837E-011  -7.9978690337156877E-011  -1.1135625754832290E-010  -1.5370460459962487E-010  -2.7682744985213503E-011  -2.0349943952169269E-011
   1.8100000000000002E-002  -4.4347119563781234E-003  -1.9499197895811449E-004  -4.3358879793231608E-006  -6.6303755374974571E-008  -2.1317987375368830E-009  -1.4090346667217091E-009  -2.1327650756575167E-009  -6.6302732193435077E-008  -4.3358889456612815E-006  -1.9499197964023551E-004  -4.4347119551275682E-003
   1.8200000000000001E-002  -1.9042545318370685E-011  -2.8364866011543199E-011  -1.5592149793519638E-010  -1.1078782335971482E-010  -8.0717654782347381E-011  -7.9523942986270413E-011  -7.9808160080574453E-011  -1.1175416148034856E-010  -1.5495515981456265E-010  -2.7625901566352695E-011  -2.0293100533308461E-011
   1.8300000000000000E-002  -4.4305203633712154E-003  -1.9694708714723674E-004  -4.4269816612541035E-006  -6.8443227974057663E-008  -2.2269546207098756E-009  -1.4732677300344221E-009  -2.2279778022493701E-009  -6.8442261635937029E-008  -4.4269826275922242E-006  -1.9694708782935777E-004  -4.4305203621206601E-003
   1.8400000000000000E-002  -1.9156232156092301E-011  -2.8364866011543199E-011  -1.5717205315013416E-010  -1.1129941412946209E-010  -8.0603967944625765E-011  -7.9410256148548797E-011  -7.9637629823992029E-011  -1.1215206541237421E-010  -1.5626255844836123E-010  -2.7682744985213503E-011  -2.0406787371030077E-011
   1.8500000000000003E-002  -4.4263337671281988E-003  -1.9889832833541732E-004  -4.5189335651230067E-006  -7.0627152126689907E-008  -2.3251232050824910E-009  -1.5394903130072635E-009  -2.3260895432031248E-009  -7.0626299475406995E-008  -4.5189344746177085E-006  -1.9889832907438176E-004  -4.4263337658776436E-003
   1.8600000000000002E-002  -1.9269918993813917E-011  -2.8308022592682391E-011  -1.5853629520279355E-010  -1.1169731806148775E-010  -8.0490281106904149E-011  -7.9296569310827181E-011  -7.9580786405131221E-011  -1.1249312592553906E-010  -1.5756995708215982E-010  -2.7682744985213503E-011  -2.0520474208751693E-011
   1.8700000000000001E-002  -4.4221521609983938E-003  -2.0084570934386647E-004  -4.6117407919155085E-006  -7.2855868893384468E-008  -2.4263044906547293E-009  -1.6077592590590939E-009  -2.4272708287753630E-009  -7.2855129928939277E-008  -4.6117417582536291E-006  -2.0084570985545724E-004  -4.4221521597478386E-003
   1.8800000000000001E-002  -1.9326762412674725E-011  -2.8194335754960775E-011  -1.5978685041773133E-010  -1.1226575225009583E-010  -8.0490281106904149E-011  -7.9182882473105565E-011  -7.9467099567409605E-011  -1.1294787327642553E-010  -1.5882051229709759E-010  -2.7682744985213503E-011  -2.0520474208751693E-011
   1.8900000000000000E-002  -4.4179755383311203E-003  -2.0278923636851687E-004  -4.7054008973645978E-006  -7.5129833021492232E-008  -2.5306121642643120E-009  -1.6782450984464958E-009  -2.5316353458038066E-009  -7.5129094057047041E-008  -4.7054019205461373E-006  -2.0278923688010764E-004  -4.4179755371374085E-003
   1.9000000000000000E-002  -1.9326762412674725E-011  -2.8308022592682391E-011  -1.6120793588925153E-010  -1.1266365618212149E-010  -8.0319750850321725E-011  -7.8955508797662333E-011  -7.9353412729687989E-011  -1.1340262062731199E-010  -1.6012791093089618E-010  -2.7853275241795927E-011  -2.0520474208751693E-011
   1.9100000000000002E-002  -4.4138038924756984E-003  -2.0472891606004850E-004  -4.7999112098295882E-006  -7.7449499258364085E-008  -2.6380462259112392E-009  -1.7507773009128869E-009  -2.6390125640318729E-009  -7.7448703450500034E-008  -4.7999122330111277E-006  -2.0472891651479586E-004  -4.4138038912251432E-003
   1.9200000000000002E-002  -1.9326762412674725E-011  -2.8421709430404007E-011  -1.6234480426646769E-010  -1.1311840353300795E-010  -8.0206064012600109E-011  -7.8898665378801525E-011  -7.9239725891966373E-011  -1.1385736797819845E-010  -1.6132162272697315E-010  -2.7910118660656735E-011  -2.0577317627612501E-011
   1.9300000000000001E-002  -4.4096372167246045E-003  -2.0666475512598481E-004  -4.8952692282000498E-006  -7.9815151821094332E-008  -2.7487772058520932E-009  -1.8255263967148494E-009  -2.7497435439727269E-009  -7.9814356013230281E-008  -4.8952701376947516E-006  -2.0666475563757558E-004  -4.4096372155308927E-003
   1.9400000000000001E-002  -1.9554136088117957E-011  -2.8421709430404007E-011  -1.6359535948140547E-010  -1.1351630746503361E-010  -8.0092377174878493E-011  -7.8671291703358293E-011  -7.9069195635383949E-011  -1.1436895874794573E-010  -1.6268586477963254E-010  -2.7910118660656735E-011  -2.0747847884194925E-011
   1.9500000000000000E-002  -4.4054755045976890E-003  -2.0859676033069263E-004  -4.9914720534616208E-006  -8.2227302300452720E-008  -2.8626914172491524E-009  -1.9024355424335226E-009  -2.8637145987886470E-009  -8.2226506492588669E-008  -4.9914730197997415E-006  -2.0859676084228340E-004  -4.4054755034039772E-003
   1.9599999999999999E-002  -1.9497292669257149E-011  -2.8421709430404007E-011  -1.6490275811520405E-010  -1.1397105481592007E-010  -7.9921846918296069E-011  -7.8671291703358293E-011  -7.8898665378801525E-011  -1.1488054951769300E-010  -1.6387957657570951E-010  -2.7910118660656735E-011  -2.0747847884194925E-011
   1.9700000000000002E-002  -4.4013187493874284E-003  -2.1052493787010462E-004  -5.0885172413472901E-006  -8.4686405443790136E-008  -2.9799025469401386E-009  -1.9816184249066282E-009  -2.9809257284796331E-009  -8.4685495949088363E-008  -5.0885182645288296E-006  -2.1052493843853881E-004  -4.4013187481937166E-003
   1.9800000000000002E-002  -1.9610979506978765E-011  -2.8421709430404007E-011  -1.6615331333014183E-010  -1.1436895874794573E-010  -7.9978690337156877E-011  -7.8557604865636677E-011  -7.8955508797662333E-011  -1.1516476661199704E-010  -1.6513013179064728E-010  -2.7796431822935119E-011  -2.0804691303055733E-011
   1.9900000000000001E-002  -4.3971669444431427E-003  -2.1244929428121395E-004  -5.1864022339032090E-006  -8.7192631781363161E-008  -3.1005811251816340E-009  -2.0631887309718877E-009  -3.1016611501399893E-009  -8.7191835973499110E-008  -5.1864032570847485E-006  -2.1244929496333498E-004  -4.3971669432494309E-003
   2.0000000000000000E-002  -1.9781509763561189E-011  -2.8478552849264815E-011  -1.6740386854507960E-010  -1.1482370609883219E-010  -7.9865003499435261E-011  -7.8387074609054253E-011  -7.8784978541079909E-011  -1.1567635738174431E-010  -1.6638068700558506E-010  -2.7796431822935119E-011  -2.0918378140777349E-011
