   1.0000000000000000E-002   400.00000000000000        400.00000000000000        400.00000000000000        400.00000000000000        400.00000000000000        400.00000000000000        400.00000000000000        400.00000000000000        400.00000000000000        400.00000000000000     
   2.0000000000000000E-002   399.50975678774785        399.99519322289257        399.99995286114330        399.99999952874867        399.99999998627419        399.99999998627419        399.99999952874867        399.99995286114330        399.99519322289257        399.50975678774785     
   2.9999999999999999E-002   399.02903373390222        399.98576633048054        399.99981417275683        399.99999767128776        399.99999991884749        399.99999991884744        399.99999767128782        399.99981417275683        399.98576633048066        399.02903373390228     
   4.0000000000000001E-002   398.55760059429525        399.97189963284114        399.99954212505145        399.99999309533746        399.99999972010443        399.99999972010437        399.99999309533746        399.99954212505145        399.97189963284126        398.55760059429525     
   5.0000000000000003E-002   398.09523331899607        399.95376729125024        399.99909738725592        399.99998407656608        399.99999926446731        399.99999926446731        399.99998407656608        399.99909738725597        399.95376729125036        398.09523331899601     
   5.9999999999999998E-002   397.64171386789349        399.93153751487085        399.99844299096588        399.99996852278724        399.99999836907858        399.99999836907858        399.99996852278724        399.99844299096600        399.93153751487080        397.64171386789354     
   7.0000000000000007E-002   397.19683003253010        399.90537275140213        399.99754421849786        399.99994399712341        399.99999678542940        399.99999678542946        399.99994399712347        399.99754421849804        399.90537275140201        397.19683003253022     
   8.0000000000000002E-002   396.76037526393003        399.87542987187743        399.99636849604707        399.99990774017749        399.99999419187844        399.99999419187844        399.99990774017749        399.99636849604724        399.87542987187743        396.76037526392997     
   8.9999999999999997E-002   396.33214850618413        399.84186034979257        399.99488529145663        399.99985669124794        399.99999018700584        399.99999018700584        399.99985669124783        399.99488529145674        399.84186034979257        396.33214850618407     
  0.10000000000000001        395.91195403555957        399.80481043473924        399.99306601641024        399.99978750862425        399.99998428375193        399.99998428375199        399.99978750862419        399.99306601641030        399.80481043473924        395.91195403555957     
